20 20 30
20 70 30
20 120 30
20 170 30
20 220 30
20 270 30
20 320 30
20 370 30
20 420 30
20 470 30
70 20 30
70 70 30
70 120 30
70 170 30
70 220 30
70 270 30
70 320 30
70 370 30
70 420 30
70 470 30
120 20 30
120 70 30
120 120 30
120 170 30
120 220 30
120 270 30
120 320 30
120 370 30
120 420 30
120 470 30
170 20 30
170 70 30
170 120 30
170 170 30
170 220 30
170 270 30
170 320 30
170 370 30
170 420 30
170 470 30
220 20 30
220 70 30
220 120 30
220 170 30
220 220 30
220 270 30
220 320 30
220 370 30
220 420 30
220 470 30
270 20 30
270 70 30
270 120 30
270 170 30
270 220 30
270 270 30
270 320 30
270 370 30
270 420 30
270 470 30
320 20 30
320 70 30
320 120 30
320 170 30
320 220 30
320 270 30
320 320 30
320 370 30
320 420 30
320 470 30
370 20 30
370 70 30
370 120 30
370 170 30
370 220 30
370 270 30
370 320 30
370 370 30
370 420 30
370 470 30
420 20 30
420 70 30
420 120 30
420 170 30
420 220 30
420 270 30
420 320 30
420 370 30
420 420 30
420 470 30
470 20 30
470 70 30
470 120 30
470 170 30
470 220 30
470 270 30
470 320 30
470 370 30
470 420 30
470 470 30
