118 564 55
118 564 56
118 564 57
118 564 58
118 564 59
118 564 60
118 564 61
118 564 62
118 564 63
118 564 64
118 564 65
118 564 66
118 564 67
118 564 68
118 564 69
118 564 70
118 564 71
118 564 72
118 564 73
118 564 74
118 564 75
118 564 76
118 564 77
118 564 78
118 564 79
118 564 80
118 564 81
118 564 82
118 564 83
118 564 84
118 564 85
118 564 86
118 564 87
118 564 88
118 564 89
118 564 90
118 564 91
118 564 92
118 564 93
118 564 94
118 564 95
118 564 96
118 564 97
118 564 98
118 564 99
118 564 100
118 564 101
118 564 102
118 564 103
118 564 104
118 564 105
118 564 106
118 564 107
118 564 108
118 564 109
118 564 110
118 564 111
118 564 112
118 564 113
118 564 114
118 564 115
118 564 116
118 564 117
118 564 118
118 564 119
118 564 120
118 564 121
118 564 122
118 564 123
118 564 124
118 564 125
118 564 126
118 564 127
118 564 128
118 564 129
118 564 130
118 564 131
118 564 132
118 564 133
118 564 134
118 564 135
118 564 136
118 564 137
118 564 138
118 564 139
118 564 140
118 564 141
118 564 142
118 564 143
118 564 144
118 564 145
118 564 146
118 564 147
118 564 148
118 564 149
118 564 150
118 564 151
118 564 152
118 564 153
118 564 154
118 564 155
118 564 156
118 564 157
118 564 158
118 564 159
118 564 160
118 564 161
118 564 162
118 564 163
118 564 164
118 564 165
118 564 166
118 564 167
118 564 168
118 564 169
118 564 170
118 564 171
118 564 172
118 564 173
118 564 174
118 564 175
118 564 176
118 564 177
118 564 178
118 564 179
118 564 180
118 564 181
118 564 182
118 564 183
118 564 184
118 564 185
118 564 186
118 564 187
118 564 188
118 564 189
118 564 190
118 564 191
118 564 192
118 564 193
118 564 194
118 564 195
118 564 196
118 564 197
118 564 198
118 564 199
118 564 200
118 564 201
118 564 202
118 564 203
118 564 204
118 564 205
118 564 206
118 564 207
118 564 208
118 564 209
118 564 210
118 564 211
118 564 212
118 564 213
118 564 214
118 564 215
118 564 216
118 564 217
118 564 218
118 564 219
118 564 220
118 564 221
118 564 222
118 564 223
118 564 224
118 564 225
118 564 226
118 564 227
118 564 228
118 564 229
118 564 230
118 564 231
118 564 232
118 564 233
118 564 234
118 564 235
118 564 236
118 564 237
118 564 238
118 564 239
118 564 240
118 564 241
118 564 242
118 564 243
118 564 244
118 564 245
118 564 246
118 564 247
118 564 248
118 564 249
118 564 250
118 564 251
118 564 252
118 564 253
118 564 254
118 564 255
118 564 256
118 564 257
118 564 258
118 564 259
118 564 260
118 564 261
118 564 262
118 564 263
118 564 264
118 564 265
118 564 266
118 564 267
118 564 268
118 564 269
118 564 270
118 564 271
118 564 272
118 564 273
118 564 274
118 564 275
118 564 276
118 564 277
118 564 278
118 564 279
118 564 280
118 564 281
118 564 282
118 564 283
118 564 284
118 564 285
118 564 286
118 564 287
118 564 288
118 564 289
118 564 290
118 564 291
118 564 292
118 564 293
118 564 294
118 564 295
118 564 296
118 564 297
118 564 298
118 564 299
118 564 300
118 564 301
118 564 302
118 564 303
118 564 304
118 564 305
118 564 306
118 564 307
118 564 308
118 564 309
118 564 310
118 564 311
118 564 312
118 564 313
118 564 314
118 564 315
118 564 316
118 564 317
118 564 318
118 564 319
118 564 320
118 564 321
118 564 322
118 564 323
118 564 324
118 564 325
118 564 326
118 564 327
118 564 328
118 564 329
118 564 330
118 564 331
118 564 332
118 564 333
118 564 334
118 564 335
118 564 336
118 564 337
118 564 338
118 564 339
118 564 340
118 564 341
118 564 342
118 564 343
118 564 344
118 564 345
118 564 346
118 564 347
118 564 348
118 564 349
118 564 350
118 564 351
118 564 352
118 564 353
118 564 354
118 564 355
118 564 356
118 564 357
118 564 358
118 564 359
118 564 360
118 564 361
118 564 362
118 564 363
118 564 364
118 564 365
118 564 366
118 564 367
118 564 368
118 564 369
118 564 370
118 564 371
118 564 372
118 564 373
118 564 374
118 564 375
118 564 376
118 564 377
118 564 378
118 564 379
118 564 380
118 564 381
118 564 382
118 564 383
118 564 384
118 564 385
118 564 386
118 564 387
118 564 388
118 564 389
118 564 390
118 564 391
118 564 392
118 564 393
118 564 394
118 564 395
118 564 396
118 564 397
118 564 398
118 564 399
118 564 400
118 564 401
118 564 402
118 564 403
118 564 404
118 564 405
118 564 406
118 564 407
118 564 408
118 564 409
118 564 410
118 564 411
118 564 412
118 564 413
118 564 414
118 564 415
118 564 416
118 564 417
118 564 418
118 564 419
118 564 420
118 564 421
118 564 422
118 564 423
118 564 424
118 564 425
118 564 426
118 564 427
118 564 428
118 564 429
118 564 430
118 564 431
118 564 432
118 564 433
118 564 434
118 564 435
118 564 436
118 564 437
118 564 438
118 564 439
118 564 440
118 564 441
118 564 442
118 564 443
118 564 444
118 564 445
118 564 446
118 564 447
118 564 448
118 564 449
118 564 450
118 564 451
118 564 452
118 564 453
118 564 454
118 564 455
118 564 456
118 564 457
118 564 458
118 564 459
118 564 460
118 564 461
118 564 462
118 564 463
118 564 464
118 564 465
118 564 466
118 564 467
118 564 468
118 564 469
118 564 470
118 564 471
118 564 472
118 564 473
118 564 474
118 564 475
118 564 476
118 564 477
118 564 478
118 564 479
118 564 480
118 564 481
118 564 482
118 564 483
118 564 484
118 564 485
118 564 486
118 564 487
118 564 488
118 564 489
118 564 490
118 564 491
118 564 492
118 564 493
118 564 494
118 564 495
118 564 496
118 564 497
118 564 498
118 564 499
118 564 500
118 564 501
118 564 502
118 564 503
118 564 504
118 564 505
118 564 506
118 564 507
118 564 508
118 564 509
118 564 510
118 564 511
118 564 512
118 564 513
118 564 514
118 564 515
118 564 516
118 564 517
118 564 518
118 564 519
118 564 520
118 564 521
118 564 522
118 564 523
118 564 524
118 564 525
118 564 526
118 564 527
118 564 528
118 564 529
118 564 530
118 564 531
118 564 532
118 564 533
118 564 534
118 564 535
118 564 536
118 564 537
118 564 538
118 564 539
118 564 540
118 564 541
118 564 542
118 564 543
118 564 544
118 564 545
118 564 546
118 564 547
118 564 548
118 564 549
118 564 550
118 564 551
118 564 552
118 564 553
118 564 554
118 564 555
118 564 556
118 564 557
118 564 558
118 564 559
118 564 560
118 564 561
118 564 562
118 564 563
118 564 564
118 564 565
118 564 566
118 564 567
118 564 568
118 564 569
118 564 570
118 564 571
118 564 572
118 564 573
118 564 574
118 564 575
118 564 576
118 564 577
118 564 578
118 564 579
118 564 580
118 564 581
118 564 582
118 564 583
118 564 584
118 564 585
118 564 586
118 564 587
118 564 588
118 564 589
118 564 590
118 564 591
118 564 592
118 564 593
118 564 594
118 564 595
118 564 596
118 564 597
118 564 598
118 564 599
118 564 600
118 564 601
118 564 602
118 564 603
118 564 604
118 564 605
118 564 606
118 564 607
118 564 608
118 564 609
118 564 610
118 564 611
118 564 612
118 564 613
118 564 614
118 564 615
118 564 616
118 564 617
118 564 618
118 564 619
118 564 620
118 564 621
118 564 622
118 564 623
118 564 624
118 564 625
118 564 626
118 564 627
118 564 628
118 564 629
118 564 630
118 564 631
118 564 632
118 564 633
118 564 634
118 564 635
118 564 636
118 564 637
118 564 638
118 564 639
118 564 640
118 564 641
118 564 642
118 564 643
118 564 644
118 564 645
118 564 646
118 564 647
118 564 648
118 564 649
118 564 650
118 564 651
118 564 652
118 564 653
118 564 654
118 564 655
118 564 656
118 564 657
118 564 658
118 564 659
118 564 660
118 564 661
118 564 662
118 564 663
118 564 664
118 564 665
118 564 666
118 564 667
118 564 668
118 564 669
118 564 670
118 564 671
118 564 672
118 564 673
118 564 674
118 564 675
118 564 676
118 564 677
118 564 678
118 564 679
118 564 680
118 564 681
118 564 682
118 564 683
118 564 684
118 564 685
118 564 686
118 564 687
118 564 688
118 564 689
118 564 690
118 564 691
118 564 692
118 564 693
118 564 694
118 564 695
118 564 696
118 564 697
118 564 698
118 564 699
118 564 700
118 564 701
118 564 702
118 564 703
118 564 704
118 564 705
118 564 706
118 564 707
118 564 708
118 564 709
118 564 710
118 564 711
118 564 712
118 564 713
118 564 714
118 564 715
118 564 716
118 564 717
118 564 718
118 564 719
118 564 720
118 564 721
118 564 722
118 564 723
118 564 724
118 564 725
118 564 726
118 564 727
118 564 728
118 564 729
118 564 730
118 564 731
118 564 732
118 564 733
118 564 734
118 564 735
118 564 736
118 564 737
118 564 738
118 564 739
118 564 740
118 564 741
118 564 742
118 564 743
118 564 744
118 564 745
118 564 746
118 564 747
118 564 748
118 564 749
118 564 750
118 564 751
118 564 752
118 564 753
118 564 754
118 564 755
118 564 756
118 564 757
118 564 758
118 564 759
118 564 760
118 564 761
118 564 762
118 564 763
118 564 764
118 564 765
118 564 766
118 564 767
118 564 768
118 564 769
118 564 770
118 564 771
118 564 772
118 564 773
118 564 774
118 564 775
118 564 776
118 564 777
118 564 778
118 564 779
118 564 780
118 564 781
118 564 782
118 564 783
118 564 784
118 564 785
118 564 786
118 564 787
118 564 788
118 564 789
118 564 790
118 564 791
118 564 792
118 564 793
118 564 794
118 564 795
118 564 796
118 564 797
118 564 798
118 564 799
118 564 800
118 564 801
118 564 802
118 564 803
118 564 804
118 564 805
118 564 806
118 564 807
118 564 808
118 564 809
118 564 810
118 564 811
118 564 812
118 564 813
118 564 814
118 564 815
118 564 816
118 564 817
118 564 818
118 564 819
118 564 820
118 564 821
118 564 822
118 564 823
118 564 824
118 564 825
118 564 826
118 564 827
118 564 828
118 564 829
118 564 830
118 564 831
118 564 832
118 564 833
118 564 834
118 564 835
118 564 836
118 564 837
118 564 838
118 564 839
118 564 840
118 564 841
118 564 842
118 564 843
118 564 844
118 564 845
118 564 846
118 564 847
118 564 848
118 564 849
118 564 850
118 564 851
118 564 852
118 564 853
118 564 854
118 564 855
118 564 856
118 564 857
118 564 858
118 564 859
118 564 860
118 564 861
118 564 862
118 564 863
118 564 864
118 564 865
118 564 866
118 564 867
118 564 868
118 564 869
118 564 870
118 564 871
118 564 872
118 564 873
118 564 874
118 564 875
118 564 876
118 564 877
118 564 878
118 564 879
118 564 880
118 564 881
118 564 882
118 564 883
118 564 884
118 564 885
118 564 886
118 564 887
118 564 888
118 564 889
118 564 890
118 564 891
118 564 892
118 564 893
118 564 894
118 564 895
118 564 896
118 564 897
118 564 898
118 564 899
118 564 900
118 564 901
118 564 902
118 564 903
118 564 904
118 564 905
118 564 906
118 564 907
118 564 908
118 564 909
118 564 910
118 564 911
118 564 912
118 564 913
118 564 914
118 564 915
118 564 916
118 564 917
118 564 918
118 564 919
118 564 920
118 564 921
118 564 922
118 564 923
118 564 924
118 564 925
118 564 926
118 564 927
118 564 928
118 564 929
118 564 930
118 564 931
118 564 932
118 564 933
118 564 934
118 564 935
118 564 936
118 564 937
118 564 938
118 564 939
118 564 940
118 564 941
118 564 942
118 564 943
118 564 944
118 564 945
118 564 946
118 564 947
118 564 948
118 564 949
118 564 950
118 564 951
118 564 952
118 564 953
118 564 954
118 564 955
118 564 956
118 564 957
118 564 958
118 564 959
118 564 960
118 564 961
118 564 962
118 564 963
118 564 964
118 564 965
118 564 966
118 564 967
118 564 968
118 564 969
118 564 970
118 564 971
118 564 972
118 564 973
118 564 974
118 564 975
118 564 976
118 564 977
118 564 978
118 564 979
118 564 980
118 564 981
118 564 982
118 564 983
118 564 984
118 564 985
118 564 986
118 564 987
118 564 988
118 564 989
118 564 990
118 564 991
118 564 992
118 564 993
118 564 994
118 564 995
118 564 996
118 564 997
118 564 998
118 564 999
118 564 1000
118 564 1001
118 564 1002
118 564 1003
118 564 1004
118 564 1005
118 564 1006
118 564 1007
118 564 1008
120 564 1009
120 564 1010
120 564 1011
120 564 1012
120 564 1013
120 564 1014
120 564 1015
120 564 1016
120 564 1017
120 564 1018
120 564 1019
120 564 1020
120 564 1021
120 564 1022
121 564 1023
121 564 1024
121 564 1025
121 564 1026
121 564 1027
121 564 1028
121 564 1029
121 564 1030
121 564 1031
121 564 1032
121 564 1033
121 564 1034
125 564 1035
125 564 1036
125 564 1037
125 564 1038
125 564 1039
125 564 1040
125 564 1041
125 564 1042
125 564 1043
125 564 1044
125 564 1045
125 564 1046
125 564 1047
125 564 1048
126 564 1049
126 564 1050
126 564 1051
126 564 1052
126 564 1053
126 564 1054
126 564 1055
126 564 1056
126 564 1057
126 564 1058
126 564 1059
126 564 1060
126 564 1061
128 562 1062
128 562 1063
128 562 1064
128 562 1065
128 562 1066
128 562 1067
128 562 1068
128 562 1069
128 562 1070
128 562 1071
128 562 1072
128 562 1073
128 562 1074
128 562 1075
128 562 1076
128 562 1077
128 562 1078
128 562 1079
128 562 1080
134 560 1081
134 560 1082
134 560 1083
134 560 1084
134 560 1085
134 560 1086
134 560 1087
134 560 1088
134 560 1089
134 560 1090
134 560 1091
134 560 1092
134 560 1093
134 560 1094
137 559 1095
137 559 1096
137 559 1097
137 559 1098
137 559 1099
137 559 1100
137 559 1101
137 559 1102
137 559 1103
137 559 1104
137 559 1105
137 559 1106
137 559 1107
140 559 1108
140 559 1109
140 559 1110
140 559 1111
140 559 1112
140 559 1113
140 559 1114
140 559 1115
140 559 1116
140 559 1117
140 559 1118
140 559 1119
140 559 1120
145 557 1121
145 557 1122
145 557 1123
145 557 1124
145 557 1125
145 557 1126
145 557 1127
145 557 1128
145 557 1129
145 557 1130
145 557 1131
145 557 1132
145 557 1133
145 557 1134
150 557 1135
150 557 1136
150 557 1137
150 557 1138
150 557 1139
150 557 1140
150 557 1141
150 557 1142
150 557 1143
150 557 1144
150 557 1145
150 557 1146
150 557 1147
156 557 1148
156 557 1149
156 557 1150
156 557 1151
156 557 1152
156 557 1153
156 557 1154
156 557 1155
156 557 1156
156 557 1157
156 557 1158
156 557 1159
156 557 1160
156 557 1161
162 556 1162
162 556 1163
162 556 1164
162 556 1165
162 556 1166
162 556 1167
162 556 1168
162 556 1169
162 556 1170
162 556 1171
162 556 1172
162 556 1173
162 556 1174
168 556 1175
168 556 1176
168 556 1177
168 556 1178
168 556 1179
168 556 1180
168 556 1181
168 556 1182
168 556 1183
168 556 1184
168 556 1185
168 556 1186
168 556 1187
168 556 1188
173 556 1189
173 556 1190
173 556 1191
173 556 1192
173 556 1193
173 556 1194
173 556 1195
173 556 1196
173 556 1197
173 556 1198
173 556 1199
173 556 1200
173 556 1201
179 556 1202
179 556 1203
179 556 1204
179 556 1205
179 556 1206
179 556 1207
179 556 1208
179 556 1209
179 556 1210
179 556 1211
179 556 1212
179 556 1213
179 556 1214
179 556 1215
179 556 1216
179 556 1217
179 556 1218
179 556 1219
179 556 1220
179 556 1221
187 553 1222
187 553 1223
187 553 1224
187 553 1225
187 553 1226
187 553 1227
187 553 1228
187 553 1229
187 553 1230
187 553 1231
187 553 1232
187 553 1233
187 553 1234
192 553 1235
192 553 1236
192 553 1237
192 553 1238
192 553 1239
192 553 1240
192 553 1241
192 553 1242
192 553 1243
192 553 1244
192 553 1245
192 553 1246
192 553 1247
192 553 1248
196 551 1249
196 551 1250
196 551 1251
196 551 1252
196 551 1253
196 551 1254
196 551 1255
196 551 1256
196 551 1257
196 551 1258
196 551 1259
196 551 1260
196 551 1261
201 550 1262
201 550 1263
201 550 1264
201 550 1265
201 550 1266
201 550 1267
201 550 1268
201 550 1269
201 550 1270
201 550 1271
201 550 1272
201 550 1273
201 550 1274
201 550 1275
206 550 1276
206 550 1277
206 550 1278
206 550 1279
206 550 1280
206 550 1281
206 550 1282
206 550 1283
206 550 1284
206 550 1285
206 550 1286
206 550 1287
206 550 1288
209 548 1289
209 548 1290
209 548 1291
209 548 1292
209 548 1293
209 548 1294
209 548 1295
209 548 1296
209 548 1297
209 548 1298
209 548 1299
209 548 1300
209 548 1301
214 548 1302
214 548 1303
214 548 1304
214 548 1305
214 548 1306
214 548 1307
214 548 1308
214 548 1309
214 548 1310
214 548 1311
214 548 1312
214 548 1313
214 548 1314
214 548 1315
217 546 1316
217 546 1317
217 546 1318
217 546 1319
217 546 1320
217 546 1321
217 546 1322
217 546 1323
217 546 1324
217 546 1325
217 546 1326
217 546 1327
217 546 1328
221 545 1329
221 545 1330
221 545 1331
221 545 1332
221 545 1333
221 545 1334
221 545 1335
221 545 1336
221 545 1337
221 545 1338
221 545 1339
221 545 1340
221 545 1341
221 545 1342
225 543 1343
225 543 1344
225 543 1345
225 543 1346
225 543 1347
225 543 1348
225 543 1349
225 543 1350
225 543 1351
225 543 1352
225 543 1353
225 543 1354
225 543 1355
225 543 1356
225 543 1357
225 543 1358
225 543 1359
225 543 1360
225 543 1361
231 542 1362
231 542 1363
231 542 1364
231 542 1365
231 542 1366
231 542 1367
231 542 1368
231 542 1369
231 542 1370
231 542 1371
231 542 1372
231 542 1373
231 542 1374
231 542 1375
235 540 1376
235 540 1377
235 540 1378
235 540 1379
235 540 1380
235 540 1381
235 540 1382
235 540 1383
235 540 1384
235 540 1385
235 540 1386
235 540 1387
235 540 1388
240 539 1389
240 539 1390
240 539 1391
240 539 1392
240 539 1393
240 539 1394
240 539 1395
240 539 1396
240 539 1397
240 539 1398
240 539 1399
240 539 1400
240 539 1401
240 539 1402
245 537 1403
245 537 1404
245 537 1405
245 537 1406
245 537 1407
245 537 1408
245 537 1409
245 537 1410
245 537 1411
245 537 1412
245 537 1413
245 537 1414
245 537 1415
251 535 1416
251 535 1417
251 535 1418
251 535 1419
251 535 1420
251 535 1421
251 535 1422
251 535 1423
251 535 1424
251 535 1425
251 535 1426
251 535 1427
251 535 1428
251 535 1429
257 532 1430
257 532 1431
257 532 1432
257 532 1433
257 532 1434
257 532 1435
257 532 1436
257 532 1437
257 532 1438
257 532 1439
257 532 1440
257 532 1441
257 532 1442
265 531 1443
265 531 1444
265 531 1445
265 531 1446
265 531 1447
265 531 1448
265 531 1449
265 531 1450
265 531 1451
265 531 1452
265 531 1453
265 531 1454
265 531 1455
265 531 1456
275 528 1457
275 528 1458
275 528 1459
275 528 1460
275 528 1461
275 528 1462
275 528 1463
275 528 1464
275 528 1465
275 528 1466
275 528 1467
275 528 1468
275 528 1469
287 521 1470
287 521 1471
287 521 1472
287 521 1473
287 521 1474
287 521 1475
287 521 1476
287 521 1477
287 521 1478
287 521 1479
287 521 1480
287 521 1481
287 521 1482
287 521 1483
287 521 1484
287 521 1485
287 521 1486
287 521 1487
287 521 1488
287 521 1489
335 495 1490
335 495 1491
335 495 1492
335 495 1493
335 495 1494
335 495 1495
335 495 1496
335 495 1497
335 495 1498
335 495 1499
335 495 1500
335 495 1501
335 495 1502
373 471 1503
373 471 1504
373 471 1505
373 471 1506
373 471 1507
373 471 1508
373 471 1509
373 471 1510
373 471 1511
373 471 1512
373 471 1513
373 471 1514
373 471 1515
373 471 1516
373 471 1517
373 471 1518
373 471 1519
373 471 1520
373 471 1521
373 471 1522
373 471 1523
373 471 1524
373 471 1525
373 471 1526
373 471 1527
373 471 1528
373 471 1529
373 471 1530
373 471 1531
373 471 1532
373 471 1533
373 471 1534
373 471 1535
373 471 1536
373 471 1537
373 471 1538
373 471 1539
373 471 1540
373 471 1541
373 471 1542
373 471 1543
373 471 1544
373 471 1545
373 471 1546
373 471 1547
373 471 1548
373 471 1549
373 471 1550
373 471 1551
373 471 1552
373 471 1553
373 471 1554
373 471 1555
373 471 1556
373 471 1557
373 471 1558
373 471 1559
373 471 1560
373 471 1561
373 471 1562
373 471 1563
373 471 1564
373 471 1565
373 471 1566
373 471 1567
373 471 1568
373 471 1569
373 471 1570
373 471 1571
373 471 1572
373 471 1573
373 471 1574
373 471 1575
373 471 1576
373 471 1577
373 471 1578
373 471 1579
373 471 1580
373 471 1581
373 471 1582
373 471 1583
373 471 1584
373 471 1585
373 471 1586
373 471 1587
373 471 1588
373 471 1589
373 471 1590
373 471 1591
373 471 1592
373 471 1593
373 471 1594
373 471 1595
373 471 1596
373 471 1597
373 471 1598
373 471 1599
373 471 1600
373 471 1601
373 471 1602
373 471 1603
373 471 1604
373 471 1605
373 471 1606
373 471 1607
373 471 1608
373 471 1609
373 471 1610
373 471 1611
373 471 1612
373 471 1613
373 471 1614
373 471 1615
373 471 1616
373 471 1617
373 471 1618
373 471 1619
373 471 1620
373 471 1621
373 471 1622
373 471 1623
373 471 1624
373 471 1625
373 471 1626
373 471 1627
373 471 1628
373 471 1629
373 471 1630
373 471 1631
373 471 1632
373 471 1633
373 471 1634
373 471 1635
373 471 1636
373 471 1637
373 471 1638
373 471 1639
373 471 1640
373 471 1641
373 471 1642
373 471 1643
373 471 1644
373 471 1645
373 471 1646
373 471 1647
373 471 1648
373 471 1649
373 471 1650
373 471 1651
373 471 1652
373 471 1653
373 471 1654
373 471 1655
373 471 1656
373 471 1657
373 471 1658
373 471 1659
373 471 1660
373 471 1661
373 471 1662
373 471 1663
373 471 1664
373 471 1665
373 471 1666
373 471 1667
373 471 1668
373 471 1669
373 471 1670
373 471 1671
373 471 1672
373 471 1673
373 471 1674
373 471 1675
373 471 1676
373 471 1677
373 471 1678
373 471 1679
373 471 1680
373 471 1681
373 471 1682
373 471 1683
373 471 1684
373 471 1685
373 471 1686
373 471 1687
373 471 1688
373 471 1689
373 471 1690
373 471 1691
373 471 1692
373 471 1693
373 471 1694
373 471 1695
373 471 1696
373 471 1697
373 471 1698
373 471 1699
373 471 1700
373 471 1701
373 471 1702
373 471 1703
373 471 1704
373 471 1705
373 471 1706
373 471 1707
373 471 1708
373 471 1709
373 471 1710
373 471 1711
373 471 1712
373 471 1713
373 471 1714
373 471 1715
373 471 1716
373 471 1717
373 471 1718
373 471 1719
373 471 1720
373 471 1721
373 471 1722
373 471 1723
373 471 1724
373 471 1725
373 471 1726
373 471 1727
373 471 1728
373 471 1729
373 471 1730
373 471 1731
373 471 1732
373 471 1733
373 471 1734
373 471 1735
373 471 1736
373 471 1737
373 471 1738
373 471 1739
373 471 1740
373 471 1741
373 471 1742
373 471 1743
373 471 1744
373 471 1745
373 471 1746
373 471 1747
373 471 1748
373 471 1749
373 471 1750
373 471 1751
373 471 1752
373 471 1753
373 471 1754
373 471 1755
373 471 1756
373 471 1757
373 471 1758
373 471 1759
373 471 1760
373 471 1761
373 471 1762
373 471 1763
373 471 1764
373 471 1765
373 471 1766
373 471 1767
373 471 1768
373 471 1769
373 471 1770
373 471 1771
373 471 1772
373 471 1773
373 471 1774
373 471 1775
373 471 1776
373 471 1777
373 471 1778
373 471 1779
373 471 1780
373 471 1781
373 471 1782
373 471 1783
373 471 1784
373 471 1785
373 471 1786
373 471 1787
373 471 1788
373 471 1789
373 471 1790
373 471 1791
373 471 1792
373 471 1793
373 471 1794
373 471 1795
373 471 1796
373 471 1797
373 471 1798
