192 357 688
191 356 702
189 351 718
181 321 737
177 300 752
176 281 767
176 266 781
176 226 802
176 203 817
176 182 832
194 150 853
201 141 868
205 137 883
208 135 903
210 134 918
211 134 933
212 134 947
213 134 967
214 134 981
215 134 997
215 134 1011
216 134 1031
217 134 1045
218 134 1060
219 135 1076
221 136 1095
222 137 1109
222 138 1124
222 138 1138
223 140 1160
223 140 1176
223 143 1199
223 146 1215
223 146 1747
223 147 1761
223 147 1776
219 147 1790
205 147 1811
194 145 1825
186 141 1840
178 138 1854
165 131 1875
161 129 1889
160 128 1905
159 127 1920
158 126 1940
157 126 1954
157 126 1970
157 125 1991
156 126 2157
154 131 2171
152 138 2186
150 145 2201
148 149 2546
141 157 2566
138 160 2582
137 161 2596
137 163 2617
137 164 2632
137 165 2661
145 166 2668
150 166 2682
153 166 2698
151 163 3206
142 151 3221
120 121 3249
84 63 3257
71 44 3272
65 36 3286
63 32 3301
62 30 3321
61 30 3336
61 30 3465
57 30 3485
54 29 3499
50 28 3514
45 27 3529
36 23 3550
33 21 3565
30 20 3580
29 19 3595
27 18 3615
27 17 3631
26 17 3645
26 16 3667
26 16 3681
26 15 3697
25 13 3716
24 12 3732
24 11 3861
24 11 3883
24 10 3898
24 10 3913
24 9 3934
24 8 3949
24 7 3963
24 6 3979
24 3 3998
24 2 4013
24 1 4028
20 4 5204
20 17 5215
23 33 5229
36 67 5251
44 83 5266
52 98 5280
66 124 5302
72 136 5317
77 147 5332
88 170 5353
89 170 7668
96 170 7683
107 168 7698
127 165 7717
135 164 7733
138 164 7747
140 164 7762
142 164 7782
142 164 7797
143 164 7812
143 164 7845
141 164 12207
